11000000
00100000
00110000
00100000
00111000
00010100
00010000
00011000
00010000
00010000
00010000
00010000
00010000
00011000
00010000
00010000
00010000
00010100
00010000
00001000
00010000
00010000
00010000
00010000
00010000
00001000
00001000
00001000
00001000
00001111
00001110
11000000
00001001
00000100
00000110
00000100
00000101
00000110
00000110
00000100
00000100
00000110
00000100
00000100
00000100
00000101
00000101
00000100
00000100
00000111
00000101
00000110
00000100
00000100
00000100
00000100
00000100
00000100
00000100
00000100
00000100
00000100
00000100
00000011
00000010
00000010
10000000
00000011
00000011
00000010
00000011
00000011
00000010
00000010
00000011
00000010
00000011
00000011
00000011
00000011
00000010
00000010
00000011
00000010
00000011
00000010
00000011
00000011
00000010
00000010
00000011
00000011
00000010
00000011
00000011
00000011
00000010
00000010
00000010
00000010
00000011
00000010
00000010
00000010
00000010
00000011
00000010
00000001
00000001
00000001
00000001
00000001
00000001
00000001
00000001
00000001
00000001
00000001
00000001
00000001
00000001
00000001
00000001
00000001
00000001
01000000
00000001
00000001
00000001
00000001
00000001
00000001
00000001
00000001
00000001
00000001
00000001
00000001
00000001
00000001
00000001
00000001
00000001
00000001
00000001
00000001
00000001
00000001
00000001
00000001
00000001
00000001
00000001
00000001
00000001
11000000
11111110
11000000
10000000
11110000
10000000
10000000
10000000
10000000
10000000
10000000
10000000
10000000
10000000
10000000
10000000
01000000
01000000
01000000
01010000
01000000
01000001
01000000
01000000
01000000
01000000
01000000
01000000
01000010
01000000
01000000
01000000
00100000
00100000
00110000
00100000
00100000
00100000
00100000
00101000
