000001
000010
000001
000001
000001
100000
100000
000100
100000
000100
111101
110000
000001
100000
000001
000001
000010
100000
000011
001000
001000
001100
000001
000100
000100
001101
000011
001000
100000
100000
001000
011000
000100
010000
000010
000100
001000
000001
000110
010000
010000
100000
100000
100000
000100
000010
000101
010000
001010
100000
000100
010011
010000
000100
000110
100000
001111
000100
000001
110110
001000
110000
000010
001000
010000
010000
000010
001000
000100
001000
000100
101100
100000
110000
000100
010000
101111
000010
100000
100001
001000
000010
101000
010000
001000
100000
100000
101010
001000
100000
001000
011000
100000
100000
100001
000100
010000
000110
111000
000101
100000
100000
000010
000001
010101
100000
001000
001000
001011
100000
011000
000001
001000
000110
111011
011111
001000
000100
001000
000100
000010
000100
010000
000001
001000
001000
001110
110000
000010
001000
100000
001100
001000
001011
100000
100000
011110
111010
001000
001000
000100
000001
000001
011111
100000
101110
010000
100000
000100
100000
001000
100000
011000
000011
110001
011100
100000
110000
100000
000100
010000
000100
001001
000100
100000
000010
000101
100000
000001
010111
001000
111110
000100
001000
100000
000010
001000
001100
000011
010100
011000
001000
100000
000011
001000
000110
000100
111100
000111
101000
001001
